sample: 2026-03-16_15_59_49_18_43_54_lerita_1773678938500161000__000
sorted by PSNR (best first)

mode                   PSNR cls_iou lbl_iou pairs coarse  u0  u1  fallback mean_iou
-----------------------------------------------------------------------------------------------
depth_rank            19.86   0.602   0.010    11     11   7   3    318562    0.253
hungarian_iou         19.82   0.570   0.025     9      9   9   5    318457    0.285
depth_nearest         19.67   0.668   0.023     9      9   9   5    374043    0.295
hungarian_centroid    19.32   0.685   0.004    10     11   8   4    145208    0.232
none                  19.28   0.000   0.000     9      0   9   5    116298    0.310
iou_only              19.28   0.000   0.000     9      0   9   5    116298    0.310
greedy_iou            19.08   0.686   0.019     7      7  11   7    145208    0.223
hungarian_geo         19.08   0.667   0.006     7      7  11   7    145208    0.223