0 0.629883 0.998148 0.810547 0.998148 0.735352 0.994444 0.700195 0.938889 0.677734 0.925926 0.676758 0.914815 0.675781 0.924074 0.667969 0.922222 0.662109 0.933333 0.664062 0.964815
0 0.000000 0.874074 0.000000 0.998148 0.472656 0.998148 0.449219 0.959259 0.387695 0.890741 0.312500 0.862963 0.233398 0.848148 0.121094 0.848148
0 0.071289 0.598148 0.062500 0.607407 0.062500 0.648148 0.079102 0.640741 0.071289 0.638889 0.072266 0.629630 0.077148 0.629630 0.078125 0.611111 0.070312 0.607407
0 0.113281 0.590741 0.106445 0.596296 0.102539 0.633333 0.112305 0.631481
0 0.727539 0.590741 0.756836 0.598148 0.750977 0.596296 0.750977 0.575926 0.780273 0.577778 0.728516 0.572222
0 0.000000 0.622222 0.010742 0.622222 0.011719 0.612963 0.030273 0.612963 0.032227 0.572222 0.042969 0.570370 0.000000 0.570370
0 0.090820 0.498148 0.087891 0.533333 0.095703 0.512963
0 0.868164 0.494444 0.868164 0.524074 0.855469 0.518519 0.849609 0.525926 0.850586 0.570370 0.850586 0.525926 0.855469 0.524074 0.856445 0.529630 0.858398 0.522222 0.862305 0.522222 0.868164 0.529630 0.868164 0.561111 0.864258 0.562963 0.864258 0.572222 0.868164 0.574074 0.868164 0.581481 0.873047 0.581481 0.868164 0.575926 0.869141 0.538889 0.874023 0.531481 0.882812 0.531481 0.884766 0.538889 0.883789 0.511111 0.881836 0.524074 0.874023 0.524074 0.873047 0.496296
0 0.009766 0.483333 0.007812 0.507407 0.000000 0.509259 0.000000 0.550000 0.035156 0.550000 0.017578 0.544444 0.018555 0.535185 0.035156 0.535185 0.029297 0.535185 0.026367 0.520370 0.027344 0.511111 0.034180 0.511111 0.035156 0.518519 0.035156 0.511111 0.021484 0.511111 0.021484 0.500000 0.018555 0.500000 0.017578 0.511111 0.012695 0.511111 0.012695 0.483333
0 0.631836 0.537037 0.632812 0.581481 0.668945 0.585185 0.677734 0.590741 0.677734 0.600000 0.673828 0.601852 0.685547 0.605556 0.707031 0.601852 0.703125 0.596296 0.702148 0.601852 0.696289 0.601852 0.695312 0.596296 0.685547 0.600000 0.684570 0.587037 0.692383 0.585185 0.683594 0.585185 0.682617 0.574074 0.696289 0.572222 0.692383 0.570370 0.692383 0.559259 0.705078 0.553704 0.701172 0.531481 0.705078 0.529630 0.706055 0.514815 0.713867 0.514815 0.708984 0.512963 0.708984 0.501852 0.713867 0.500000 0.713867 0.472222 0.718750 0.470370 0.673828 0.459259 0.673828 0.466667 0.669922 0.468519 0.677734 0.470370 0.676758 0.488889 0.656250 0.483333 0.659180 0.485185 0.659180 0.492593 0.656250 0.494444 0.662109 0.496296 0.662109 0.511111 0.663086 0.505556 0.667969 0.505556 0.667969 0.518519 0.677734 0.514815 0.675781 0.564815 0.650391 0.561111 0.647461 0.548148 0.632812 0.550000
0 0.095703 0.414815 0.100586 0.437037 0.114258 0.435185 0.115234 0.442593 0.117188 0.435185 0.125977 0.435185 0.125000 0.427778
0 0.626953 0.375926 0.649414 0.385185 0.651367 0.390741 0.668945 0.394444 0.673828 0.401852 0.691406 0.405556 0.686523 0.398148 0.654297 0.383333 0.648438 0.385185 0.644531 0.377778 0.633789 0.377778 0.632812 0.372222 0.627930 0.370370
0 0.342773 0.359259 0.405273 0.379630 0.415039 0.377778 0.419922 0.362963 0.419922 0.355556 0.414062 0.368519 0.406250 0.370370 0.345703 0.348148
0 0.662109 0.314815 0.659180 0.318519 0.659180 0.337037 0.652344 0.335185 0.647461 0.348148 0.651367 0.355556 0.665039 0.344444
0 0.421875 0.285185 0.423828 0.296296 0.424805 0.288889 0.439453 0.292593 0.441406 0.300000 0.453125 0.298148 0.455078 0.305556 0.502930 0.320370 0.503906 0.329630 0.500977 0.331481 0.510742 0.327778 0.512695 0.337037 0.542969 0.348148 0.549805 0.357407 0.549805 0.374074 0.551758 0.362963 0.563477 0.366667 0.564453 0.359259 0.572266 0.361111 0.573242 0.353704 0.600586 0.362963 0.613281 0.374074 0.613281 0.362963 0.535156 0.331481 0.438477 0.283333
0 0.513672 0.227778 0.540039 0.240741 0.551758 0.257407 0.557617 0.253704 0.561523 0.262963 0.570312 0.262963 0.515625 0.224074
0 0.291016 0.224074 0.291016 0.229630 0.297852 0.225926 0.298828 0.233333 0.320312 0.242593 0.327148 0.237037 0.331055 0.238889 0.333008 0.248148 0.344727 0.248148 0.340820 0.238889 0.311523 0.233333 0.299805 0.222222
0 0.641602 0.203704 0.642578 0.212963 0.652344 0.220370 0.652344 0.227778 0.653320 0.218519 0.658203 0.218519 0.659180 0.224074 0.660156 0.214815
0 0.696289 0.161111 0.696289 0.174074 0.690430 0.177778 0.691406 0.190741 0.698242 0.196296 0.708008 0.188889 0.698242 0.179630
0 0.547852 0.116667 0.551758 0.133333 0.561523 0.142593 0.572266 0.137037
0 0.708008 0.005556 0.708008 0.022222 0.698242 0.033333 0.702148 0.046296 0.713867 0.038889 0.711914 0.012963 0.708984 0.012963
0 0.666016 0.000000 0.670898 0.007407 0.670898 0.085185 0.680664 0.098148 0.681641 0.031481 0.686523 0.029630 0.686523 0.000000 0.676758 0.000000 0.675781 0.009259 0.671875 0.009259 0.670898 0.000000
0 0.536133 0.000000 0.558594 0.024074 0.560547 0.035185 0.561523 0.005556 0.558594 0.014815 0.553711 0.014815 0.543945 0.000000
0 0.000000 0.090741 0.056641 0.111111 0.112305 0.114815 0.186523 0.094444 0.338867 0.033333 0.451172 0.000000 0.000000 0.000000
